{
 "cells": [
  {
   "cell_type": "markdown",
   "id": "8d19ae0a",
   "metadata": {},
   "source": [
    "# Gmsh Python tutorial 18"
   ]
  },
  {
   "cell_type": "markdown",
   "id": "07f01367",
   "metadata": {},
   "source": [
    "![](<https://gmsh.info/doc/texinfo/images/t18.png>)"
   ]
  },
  {
   "cell_type": "code",
   "execution_count": 22,
   "id": "bee6fc2a",
   "metadata": {},
   "outputs": [],
   "source": [
    "import os\n",
    "import subprocess\n",
    "\n",
    "import numpy as np\n",
    "import pandas as pd\n",
    "import pyvista as pv\n",
    "import plotly as plt\n",
    "import sgio\n",
    "\n",
    "pv.set_jupyter_backend('trame')"
   ]
  },
  {
   "cell_type": "code",
   "execution_count": null,
   "id": "16b93d6f",
   "metadata": {},
   "outputs": [
    {
     "name": "stdout",
     "output_type": "stream",
     "text": [
      "radii=array([0.1, 0.2, 0.3, 0.4])\n",
      "Running for radius: 0.1\n",
      "matrix_volumes=[17]\n",
      "inclusion_volumes=[19, 21, 18, 20]\n",
      " ****************************************************************\n",
      " *                      SwiftComp  2.1                          *\n",
      " *                                                              *\n",
      " *         Multiscale Constitutive Modeling of Composites       *\n",
      " *                                                              *\n",
      " *            School of Aeronautics and Astronautics            *\n",
      " *                       Purdue University                      *\n",
      " *                                                              *\n",
      " *                       Copyright Notice                       *\n",
      " *                     ====================                     *\n",
      " *                                                              *\n",
      " * Copyright (2015-) by Purdue Research Foundation, West        *\n",
      " * Lafayette, IN  47906.  Unless permission is granted, this    *\n",
      " * material may not be copied, reproduced or coded for          *\n",
      " * reproduction by any electrical, mechanical or chemical       *\n",
      " * process or combination thereof, now known or later developed.*\n",
      " *                                                              *\n",
      " * These commodities, technology or software were exported from *\n",
      " * the United States in accordance with the Export              *\n",
      " * Administration Regulations. Diversion contrary to U.S. law   *\n",
      " * prohibited.                                                  *\n",
      " ****************************************************************\n",
      " You can run SwiftComp for   0 days....\n",
      "\n",
      " SwiftComp begins at  182049.951  \n",
      " Inputs echoed in file evals\\sg.sg.ech!\n",
      "\n",
      " Constitutive modeling for a 3D model!\n",
      "\n",
      " Homogenization will be carried out!\n",
      "\n",
      " You are running SwiftComp with full integration!\n",
      "\n",
      " Finished reading/processing model file!\n",
      "\n",
      " Effective properties can be found in file evals\\sg.sg.k!\n",
      "\n",
      " Finished homogenization!\n",
      "\n",
      " SwiftComp ends at  182051.365  \n",
      " SwiftComp finished successfully!\n",
      "\n",
      "\n",
      "Running for radius: 0.2\n",
      "matrix_volumes=[17]\n",
      "inclusion_volumes=[19, 21, 18, 20]\n",
      " ****************************************************************\n",
      " *                      SwiftComp  2.1                          *\n",
      " *                                                              *\n",
      " *         Multiscale Constitutive Modeling of Composites       *\n",
      " *                                                              *\n",
      " *            School of Aeronautics and Astronautics            *\n",
      " *                       Purdue University                      *\n",
      " *                                                              *\n",
      " *                       Copyright Notice                       *\n",
      " *                     ====================                     *\n",
      " *                                                              *\n",
      " * Copyright (2015-) by Purdue Research Foundation, West        *\n",
      " * Lafayette, IN  47906.  Unless permission is granted, this    *\n",
      " * material may not be copied, reproduced or coded for          *\n",
      " * reproduction by any electrical, mechanical or chemical       *\n",
      " * process or combination thereof, now known or later developed.*\n",
      " *                                                              *\n",
      " * These commodities, technology or software were exported from *\n",
      " * the United States in accordance with the Export              *\n",
      " * Administration Regulations. Diversion contrary to U.S. law   *\n",
      " * prohibited.                                                  *\n",
      " ****************************************************************\n",
      " You can run SwiftComp for   0 days....\n",
      "\n",
      " SwiftComp begins at  182052.349  \n",
      " Inputs echoed in file evals\\sg.sg.ech!\n",
      "\n",
      " Constitutive modeling for a 3D model!\n",
      "\n",
      " Homogenization will be carried out!\n",
      "\n",
      " You are running SwiftComp with full integration!\n",
      "\n",
      " Warning: there are a total of          374  aperiodic nodes out of total          553  nodes on y3 edge!\n",
      " Finished reading/processing model file!\n",
      "\n",
      " Effective properties can be found in file evals\\sg.sg.k!\n",
      "\n",
      " Finished homogenization!\n",
      "\n",
      " SwiftComp ends at  182053.639  \n",
      " SwiftComp finished successfully!\n",
      "\n",
      "\n",
      "Running for radius: 0.30000000000000004\n",
      "matrix_volumes=[17]\n",
      "inclusion_volumes=[18, 21, 19, 20]\n",
      " ****************************************************************\n",
      " *                      SwiftComp  2.1                          *\n",
      " *                                                              *\n",
      " *         Multiscale Constitutive Modeling of Composites       *\n",
      " *                                                              *\n",
      " *            School of Aeronautics and Astronautics            *\n",
      " *                       Purdue University                      *\n",
      " *                                                              *\n",
      " *                       Copyright Notice                       *\n",
      " *                     ====================                     *\n",
      " *                                                              *\n",
      " * Copyright (2015-) by Purdue Research Foundation, West        *\n",
      " * Lafayette, IN  47906.  Unless permission is granted, this    *\n",
      " * material may not be copied, reproduced or coded for          *\n",
      " * reproduction by any electrical, mechanical or chemical       *\n",
      " * process or combination thereof, now known or later developed.*\n",
      " *                                                              *\n",
      " * These commodities, technology or software were exported from *\n",
      " * the United States in accordance with the Export              *\n",
      " * Administration Regulations. Diversion contrary to U.S. law   *\n",
      " * prohibited.                                                  *\n",
      " ****************************************************************\n",
      " You can run SwiftComp for   0 days....\n",
      "\n",
      " SwiftComp begins at  182054.638  \n",
      " Inputs echoed in file evals\\sg.sg.ech!\n",
      "\n",
      " Constitutive modeling for a 3D model!\n",
      "\n",
      " Homogenization will be carried out!\n",
      "\n",
      " You are running SwiftComp with full integration!\n",
      "\n",
      " Warning: there are a total of          331  aperiodic nodes out of total          543  nodes on y3 edge!\n",
      " Finished reading/processing model file!\n",
      "\n",
      " Effective properties can be found in file evals\\sg.sg.k!\n",
      "\n",
      " Finished homogenization!\n",
      "\n",
      " SwiftComp ends at  182055.896  \n",
      " SwiftComp finished successfully!\n",
      "\n",
      "\n",
      "Running for radius: 0.4\n",
      "matrix_volumes=[2]\n",
      "inclusion_volumes=[1, 6, 5, 3, 9, 4, 7, 8]\n",
      " ****************************************************************\n",
      " *                      SwiftComp  2.1                          *\n",
      " *                                                              *\n",
      " *         Multiscale Constitutive Modeling of Composites       *\n",
      " *                                                              *\n",
      " *            School of Aeronautics and Astronautics            *\n",
      " *                       Purdue University                      *\n",
      " *                                                              *\n",
      " *                       Copyright Notice                       *\n",
      " *                     ====================                     *\n",
      " *                                                              *\n",
      " * Copyright (2015-) by Purdue Research Foundation, West        *\n",
      " * Lafayette, IN  47906.  Unless permission is granted, this    *\n",
      " * material may not be copied, reproduced or coded for          *\n",
      " * reproduction by any electrical, mechanical or chemical       *\n",
      " * process or combination thereof, now known or later developed.*\n",
      " *                                                              *\n",
      " * These commodities, technology or software were exported from *\n",
      " * the United States in accordance with the Export              *\n",
      " * Administration Regulations. Diversion contrary to U.S. law   *\n",
      " * prohibited.                                                  *\n",
      " ****************************************************************\n",
      " You can run SwiftComp for   0 days....\n",
      "\n",
      " SwiftComp begins at  182057.047  \n",
      " Inputs echoed in file evals\\sg.sg.ech!\n",
      "\n",
      " Constitutive modeling for a 3D model!\n",
      "\n",
      " Homogenization will be carried out!\n",
      "\n",
      " You are running SwiftComp with full integration!\n",
      "\n",
      " Warning: there are a total of          185  aperiodic nodes out of total          574  nodes on y3 edge!\n",
      " Finished reading/processing model file!\n",
      "\n",
      " Effective properties can be found in file evals\\sg.sg.k!\n",
      "\n",
      " Finished homogenization!\n",
      "\n",
      " SwiftComp ends at  182058.579  \n",
      " SwiftComp finished successfully!\n",
      "\n",
      "\n"
     ]
    }
   ],
   "source": [
    "from build_sg import build_sg\n",
    "from convert import convert_sg\n",
    "# from run_sc import run_sc\n",
    "\n",
    "working_dir = 'evals'\n",
    "\n",
    "# Run SG analysis for a range of radii\n",
    "radii = np.linspace(0.1, 0.4, 7)\n",
    "print(f'{radii=}')\n",
    "\n",
    "out = []\n",
    "\n",
    "for i, radius in enumerate(radii):\n",
    "    print(f'Running for radius: {radius}')\n",
    "\n",
    "    _out = {\n",
    "        'radius': radius\n",
    "    }\n",
    "\n",
    "    # Create working directory if it doesn't exist\n",
    "    wd = os.path.join(working_dir, f'eval.{i}')\n",
    "    if not os.path.exists(wd):\n",
    "        os.makedirs(wd)\n",
    "\n",
    "    fn_sg_base = os.path.join(wd, 'sg')\n",
    "    build_sg(radius=radius, fn_sg_base=fn_sg_base, mesh_size=0.05, nopopup=True)\n",
    "\n",
    "    fn_sg_sc = f'{fn_sg_base}.sg'\n",
    "    _out['fn_sg_sc'] = fn_sg_sc\n",
    "    convert_sg(fn_sg_in=f'{fn_sg_base}.msh', fn_sg_out=fn_sg_sc)\n",
    "\n",
    "    # sc_cmd = os.path.join()\n",
    "    cp = subprocess.run(\n",
    "        [\"C:\\Program Files\\AnalySwift\\SwiftComp.exe\", fn_sg_sc, '3D', 'H'],\n",
    "        capture_output=True\n",
    "        )\n",
    "\n",
    "    # print(cp.stdout.decode())\n",
    "    # print(cp.stderr.decode())\n",
    "\n",
    "    sc_out = sgio.readOutputModel(f'{fn_sg_sc}.k', file_format='sc', model_type='sd1')\n",
    "    _out['property'] = sc_out.model_dump(exclude_none=True)\n",
    "\n",
    "    out.append(_out)"
   ]
  },
  {
   "cell_type": "code",
   "execution_count": null,
   "id": "1e7f2142",
   "metadata": {},
   "outputs": [
    {
     "name": "stdout",
     "output_type": "stream",
     "text": [
      "[{'radius': np.float64(0.1), 'fn_sg_sc': 'evals\\\\sg.sg', 'property': {'dim': 3, 'label': 'sd1', 'model_name': 'Cauchy continuum model', 'strain_name': ['e11', 'e22', 'e33', 'e23', 'e13', 'e12'], 'stress_name': ['s11', 's22', 's33', 's23', 's13', 's12'], 'name': '', 'isotropy': 2, 'density': 1005.914, 'temperature': 0, 'e1': 1009708600.0, 'e2': 1009671100.0, 'e3': 1009640900.0, 'g12': 388484770.0, 'g13': 388487710.0, 'g23': 388495410.0, 'nu12': 0.2994535, 'nu13': 0.29950212, 'nu23': 0.29941312, 'stff': [[1357169600.0, 580092630.0, 580130070.0, 2683.4674, 23905.3, 28709.143], [580092630.0, 1357044700.0, 580032160.0, -8297.4621, 898.66196, 7121.3501], [580130070.0, 580032160.0, 1357043500.0, 14885.168, 4041.2262, -3178.2319], [2683.4674, -8297.4621, 14885.168, 388495410.0, -4809.6375, -665.65982], [23905.3, 898.66196, 4041.2262, -4809.6375, 388487710.0, 2516.4782], [28709.143, 7121.3501, -3178.2319, -665.65982, 2516.4782, 388484770.0]], 'cmpl': [[9.9038475e-10, -2.9657418e-10, -2.9662233e-10, -1.8109009e-15, -5.7170505e-14, -7.0179536e-14], [-2.9657418e-10, 9.9042153e-10, -2.965452e-10, 3.4564243e-14, 1.9043613e-14, 1.3352845e-15], [-2.9662233e-10, -2.965452e-10, 9.9045114e-10, -4.2233607e-14, 8.6345336e-15, 3.5459328e-14], [-1.8109009e-15, 3.4564243e-14, -4.2233607e-14, 2.574033e-09, 3.1868028e-14, 4.4094952e-15], [-5.7170505e-14, 1.9043613e-14, 8.6345336e-15, 3.1868028e-14, 2.574084e-09, -1.667008e-14], [-7.0179536e-14, 1.3352845e-15, 3.5459328e-14, 4.4094952e-15, -1.667008e-14, 2.5741035e-09]], 'strength_measure': 0, 'char_len': 0, 'specific_heat': 0, 'failure_criterion': 0, 'd_thetatheta': 0, 'f_eff': 0}}, {'radius': np.float64(0.2), 'fn_sg_sc': 'evals\\\\sg.sg', 'property': {'dim': 3, 'label': 'sd1', 'model_name': 'Cauchy continuum model', 'strain_name': ['e11', 'e22', 'e33', 'e23', 'e13', 'e12'], 'stress_name': ['s11', 's22', 's33', 's23', 's13', 's12'], 'name': '', 'isotropy': 2, 'density': 1049.2807, 'temperature': 0, 'e1': 1077015000.0, 'e2': 1077042000.0, 'e3': 1076356000.0, 'g12': 412902680.0, 'g13': 412899460.0, 'g23': 412855690.0, 'nu12': 0.29589923, 'nu13': 0.29617949, 'nu23': 0.29593818, 'stff': [[1433815900.0, 602617110.0, 602630810.0, 16608.599, -7716.5076, 5296.7184], [602617110.0, 1433624000.0, 602367440.0, -56029.203, -32858.507, -6510.2365], [602630810.0, 602367440.0, 1432883600.0, -33518.597, 49494.121, 17761.016], [16608.599, -56029.203, -33518.597, 412855690.0, 15330.138, -26196.613], [-7716.5076, -32858.507, 49494.121, 15330.138, 412899470.0, 2508.9537], [5296.7184, -6510.2365, 17761.016, -26196.613, 2508.9537, 412902680.0]], 'cmpl': [[9.2849215e-10, -2.7474011e-10, -2.7500033e-10, -9.6965118e-14, 2.8456235e-14, -4.4197118e-15], [-2.7474011e-10, 9.2846887e-10, -2.7476939e-10, 1.1474654e-13, 1.0168505e-13, 2.9989408e-14], [-2.7500033e-10, -2.7476939e-10, 9.2906066e-10, 4.9203932e-14, -1.3837326e-13, -4.076418e-14], [-9.6965118e-14, 1.1474654e-13, 4.9203932e-14, 2.4221539e-09, -8.992928e-14, 1.5367505e-13], [2.8456235e-14, 1.0168505e-13, -1.3837326e-13, -8.992928e-14, 2.4218971e-09, -1.4714883e-14], [-4.4197118e-15, 2.9989408e-14, -4.076418e-14, 1.5367505e-13, -1.4714883e-14, 2.4218782e-09]], 'strength_measure': 0, 'char_len': 0, 'specific_heat': 0, 'failure_criterion': 0, 'd_thetatheta': 0, 'f_eff': 0}}, {'radius': np.float64(0.30000000000000004), 'fn_sg_sc': 'evals\\\\sg.sg', 'property': {'dim': 3, 'label': 'sd1', 'model_name': 'Cauchy continuum model', 'strain_name': ['e11', 'e22', 'e33', 'e23', 'e13', 'e12'], 'stress_name': ['s11', 's22', 's33', 's23', 's13', 's12'], 'name': '', 'isotropy': 2, 'density': 1168.061, 'temperature': 0, 'e1': 1302947200.0, 'e2': 1302884700.0, 'e3': 1300677500.0, 'g12': 479467920.0, 'g13': 478797360.0, 'g23': 478982440.0, 'nu12': 0.28309276, 'nu13': 0.28387987, 'nu23': 0.28379202, 'stff': [[1679359400.0, 663822270.0, 663974190.0, -45231.088, -8705.496, 21144.934], [663822270.0, 1679195000.0, 663852340.0, -89218.154, 65736.394, 68322.276], [663974190.0, 663852340.0, 1676914900.0, 22505.032, -37520.305, -1982.8569], [-45231.088, -89218.154, 22505.032, 478982450.0, 11531.899, 7781.5596], [-8705.496, 65736.394, -37520.305, 11531.899, 478797370.0, -3028.7355], [21144.934, 68322.276, -1982.8569, 7781.5596, -3028.7355, 479467920.0]], 'cmpl': [[7.6749082e-10, -2.172711e-10, -2.1787519e-10, 4.2241481e-14, 2.6710181e-14, -3.7882623e-15], [-2.172711e-10, 7.6752763e-10, -2.1781822e-10, 1.3268594e-13, -1.2640085e-13, -1.0069155e-13], [-2.1787519e-10, -2.1781822e-10, 7.6883008e-10, -9.7272775e-14, 8.6194847e-14, 4.3828356e-14], [4.2241481e-14, 1.3268594e-13, -9.7272775e-14, 2.0877592e-09, -5.0309248e-14, -3.390493e-14], [2.6710181e-14, -1.2640085e-13, 8.6194847e-14, -5.0309248e-14, 2.0885662e-09, 1.3211203e-14], [-3.7882623e-15, -1.0069155e-13, 4.3828356e-14, -3.390493e-14, 1.3211203e-14, 2.0856453e-09]], 'strength_measure': 0, 'char_len': 0, 'specific_heat': 0, 'failure_criterion': 0, 'd_thetatheta': 0, 'f_eff': 0}}, {'radius': np.float64(0.4), 'fn_sg_sc': 'evals\\\\sg.sg', 'property': {'dim': 3, 'label': 'sd1', 'model_name': 'Cauchy continuum model', 'strain_name': ['e11', 'e22', 'e33', 'e23', 'e13', 'e12'], 'stress_name': ['s11', 's22', 's33', 's23', 's13', 's12'], 'name': '', 'isotropy': 2, 'density': 1400.0458, 'temperature': 0, 'e1': 2028352200.0, 'e2': 2030105400.0, 'e3': 2029744300.0, 'g12': 636787870.0, 'g13': 634691360.0, 'g23': 635491400.0, 'nu12': 0.24425223, 'nu13': 0.2440048, 'nu23': 0.24346769, 'stff': [[2408040900.0, 777936250.0, 777345460.0, 3130.8609, 94622.796, -12473.628], [777936250.0, 2409319800.0, 776437670.0, -77057.327, 30113.914, 103614.12], [777345460.0, 776437670.0, 2408554400.0, -23986.764, -70264.154, 51342.215], [3130.8609, -77057.327, -23986.764, 635491410.0, -5461.9973, -16153.35], [94622.796, 30113.914, -70264.154, -5461.9973, 634691370.0, -12226.38], [-12473.628, 103614.12, 51342.215, -16153.35, -12226.38, 636787880.0]], 'cmpl': [[4.9301102e-10, -1.2041904e-10, -1.2029706e-10, -2.1570818e-14, -8.1103993e-14, 3.8948175e-14], [-1.2041904e-10, 4.9258527e-10, -1.199286e-10, 5.5793582e-14, -1.869657e-14, -7.2838662e-14], [-1.2029706e-10, -1.199286e-10, 4.9267288e-10, 4.646714e-15, 7.816611e-14, -2.256345e-14], [-2.1570818e-14, 5.5793582e-14, 4.646714e-15, 1.5735854e-09, 1.3543739e-14, 3.9907406e-14], [-8.1103993e-14, -1.869657e-14, 7.816611e-14, 1.3543739e-14, 1.5755689e-09, 3.0246549e-14], [3.8948175e-14, -7.2838662e-14, -2.256345e-14, 3.9907406e-14, 3.0246549e-14, 1.5703817e-09]], 'strength_measure': 0, 'char_len': 0, 'specific_heat': 0, 'failure_criterion': 0, 'd_thetatheta': 0, 'f_eff': 0}}]\n"
     ]
    }
   ],
   "source": [
    "# out = sgio.readOutputModel(f'{fn_sg_sc}.k', file_format='sc', model_type='sd1')\n",
    "# dict_out = out.model_dump(exclude_none=True)\n",
    "# print(out)\n",
    "# print(dict_out)"
   ]
  },
  {
   "cell_type": "code",
   "execution_count": 27,
   "id": "e6ad2551",
   "metadata": {},
   "outputs": [
    {
     "name": "stdout",
     "output_type": "stream",
     "text": [
      "{'radius': np.float64(0.1), 'fn_sg_sc': 'evals\\\\sg.sg', 'property': {'dim': 3, 'label': 'sd1', 'model_name': 'Cauchy continuum model', 'strain_name': ['e11', 'e22', 'e33', 'e23', 'e13', 'e12'], 'stress_name': ['s11', 's22', 's33', 's23', 's13', 's12'], 'name': '', 'isotropy': 2, 'density': 1005.914, 'temperature': 0, 'e1': 1009708600.0, 'e2': 1009671100.0, 'e3': 1009640900.0, 'g12': 388484770.0, 'g13': 388487710.0, 'g23': 388495410.0, 'nu12': 0.2994535, 'nu13': 0.29950212, 'nu23': 0.29941312, 'stff': [[1357169600.0, 580092630.0, 580130070.0, 2683.4674, 23905.3, 28709.143], [580092630.0, 1357044700.0, 580032160.0, -8297.4621, 898.66196, 7121.3501], [580130070.0, 580032160.0, 1357043500.0, 14885.168, 4041.2262, -3178.2319], [2683.4674, -8297.4621, 14885.168, 388495410.0, -4809.6375, -665.65982], [23905.3, 898.66196, 4041.2262, -4809.6375, 388487710.0, 2516.4782], [28709.143, 7121.3501, -3178.2319, -665.65982, 2516.4782, 388484770.0]], 'cmpl': [[9.9038475e-10, -2.9657418e-10, -2.9662233e-10, -1.8109009e-15, -5.7170505e-14, -7.0179536e-14], [-2.9657418e-10, 9.9042153e-10, -2.965452e-10, 3.4564243e-14, 1.9043613e-14, 1.3352845e-15], [-2.9662233e-10, -2.965452e-10, 9.9045114e-10, -4.2233607e-14, 8.6345336e-15, 3.5459328e-14], [-1.8109009e-15, 3.4564243e-14, -4.2233607e-14, 2.574033e-09, 3.1868028e-14, 4.4094952e-15], [-5.7170505e-14, 1.9043613e-14, 8.6345336e-15, 3.1868028e-14, 2.574084e-09, -1.667008e-14], [-7.0179536e-14, 1.3352845e-15, 3.5459328e-14, 4.4094952e-15, -1.667008e-14, 2.5741035e-09]], 'strength_measure': 0, 'char_len': 0, 'specific_heat': 0, 'failure_criterion': 0, 'd_thetatheta': 0, 'f_eff': 0}}\n",
      "{'radius': np.float64(0.2), 'fn_sg_sc': 'evals\\\\sg.sg', 'property': {'dim': 3, 'label': 'sd1', 'model_name': 'Cauchy continuum model', 'strain_name': ['e11', 'e22', 'e33', 'e23', 'e13', 'e12'], 'stress_name': ['s11', 's22', 's33', 's23', 's13', 's12'], 'name': '', 'isotropy': 2, 'density': 1049.2807, 'temperature': 0, 'e1': 1077015000.0, 'e2': 1077042000.0, 'e3': 1076356000.0, 'g12': 412902680.0, 'g13': 412899460.0, 'g23': 412855690.0, 'nu12': 0.29589923, 'nu13': 0.29617949, 'nu23': 0.29593818, 'stff': [[1433815900.0, 602617110.0, 602630810.0, 16608.599, -7716.5076, 5296.7184], [602617110.0, 1433624000.0, 602367440.0, -56029.203, -32858.507, -6510.2365], [602630810.0, 602367440.0, 1432883600.0, -33518.597, 49494.121, 17761.016], [16608.599, -56029.203, -33518.597, 412855690.0, 15330.138, -26196.613], [-7716.5076, -32858.507, 49494.121, 15330.138, 412899470.0, 2508.9537], [5296.7184, -6510.2365, 17761.016, -26196.613, 2508.9537, 412902680.0]], 'cmpl': [[9.2849215e-10, -2.7474011e-10, -2.7500033e-10, -9.6965118e-14, 2.8456235e-14, -4.4197118e-15], [-2.7474011e-10, 9.2846887e-10, -2.7476939e-10, 1.1474654e-13, 1.0168505e-13, 2.9989408e-14], [-2.7500033e-10, -2.7476939e-10, 9.2906066e-10, 4.9203932e-14, -1.3837326e-13, -4.076418e-14], [-9.6965118e-14, 1.1474654e-13, 4.9203932e-14, 2.4221539e-09, -8.992928e-14, 1.5367505e-13], [2.8456235e-14, 1.0168505e-13, -1.3837326e-13, -8.992928e-14, 2.4218971e-09, -1.4714883e-14], [-4.4197118e-15, 2.9989408e-14, -4.076418e-14, 1.5367505e-13, -1.4714883e-14, 2.4218782e-09]], 'strength_measure': 0, 'char_len': 0, 'specific_heat': 0, 'failure_criterion': 0, 'd_thetatheta': 0, 'f_eff': 0}}\n",
      "{'radius': np.float64(0.30000000000000004), 'fn_sg_sc': 'evals\\\\sg.sg', 'property': {'dim': 3, 'label': 'sd1', 'model_name': 'Cauchy continuum model', 'strain_name': ['e11', 'e22', 'e33', 'e23', 'e13', 'e12'], 'stress_name': ['s11', 's22', 's33', 's23', 's13', 's12'], 'name': '', 'isotropy': 2, 'density': 1168.061, 'temperature': 0, 'e1': 1302947200.0, 'e2': 1302884700.0, 'e3': 1300677500.0, 'g12': 479467920.0, 'g13': 478797360.0, 'g23': 478982440.0, 'nu12': 0.28309276, 'nu13': 0.28387987, 'nu23': 0.28379202, 'stff': [[1679359400.0, 663822270.0, 663974190.0, -45231.088, -8705.496, 21144.934], [663822270.0, 1679195000.0, 663852340.0, -89218.154, 65736.394, 68322.276], [663974190.0, 663852340.0, 1676914900.0, 22505.032, -37520.305, -1982.8569], [-45231.088, -89218.154, 22505.032, 478982450.0, 11531.899, 7781.5596], [-8705.496, 65736.394, -37520.305, 11531.899, 478797370.0, -3028.7355], [21144.934, 68322.276, -1982.8569, 7781.5596, -3028.7355, 479467920.0]], 'cmpl': [[7.6749082e-10, -2.172711e-10, -2.1787519e-10, 4.2241481e-14, 2.6710181e-14, -3.7882623e-15], [-2.172711e-10, 7.6752763e-10, -2.1781822e-10, 1.3268594e-13, -1.2640085e-13, -1.0069155e-13], [-2.1787519e-10, -2.1781822e-10, 7.6883008e-10, -9.7272775e-14, 8.6194847e-14, 4.3828356e-14], [4.2241481e-14, 1.3268594e-13, -9.7272775e-14, 2.0877592e-09, -5.0309248e-14, -3.390493e-14], [2.6710181e-14, -1.2640085e-13, 8.6194847e-14, -5.0309248e-14, 2.0885662e-09, 1.3211203e-14], [-3.7882623e-15, -1.0069155e-13, 4.3828356e-14, -3.390493e-14, 1.3211203e-14, 2.0856453e-09]], 'strength_measure': 0, 'char_len': 0, 'specific_heat': 0, 'failure_criterion': 0, 'd_thetatheta': 0, 'f_eff': 0}}\n",
      "{'radius': np.float64(0.4), 'fn_sg_sc': 'evals\\\\sg.sg', 'property': {'dim': 3, 'label': 'sd1', 'model_name': 'Cauchy continuum model', 'strain_name': ['e11', 'e22', 'e33', 'e23', 'e13', 'e12'], 'stress_name': ['s11', 's22', 's33', 's23', 's13', 's12'], 'name': '', 'isotropy': 2, 'density': 1400.0458, 'temperature': 0, 'e1': 2028352200.0, 'e2': 2030105400.0, 'e3': 2029744300.0, 'g12': 636787870.0, 'g13': 634691360.0, 'g23': 635491400.0, 'nu12': 0.24425223, 'nu13': 0.2440048, 'nu23': 0.24346769, 'stff': [[2408040900.0, 777936250.0, 777345460.0, 3130.8609, 94622.796, -12473.628], [777936250.0, 2409319800.0, 776437670.0, -77057.327, 30113.914, 103614.12], [777345460.0, 776437670.0, 2408554400.0, -23986.764, -70264.154, 51342.215], [3130.8609, -77057.327, -23986.764, 635491410.0, -5461.9973, -16153.35], [94622.796, 30113.914, -70264.154, -5461.9973, 634691370.0, -12226.38], [-12473.628, 103614.12, 51342.215, -16153.35, -12226.38, 636787880.0]], 'cmpl': [[4.9301102e-10, -1.2041904e-10, -1.2029706e-10, -2.1570818e-14, -8.1103993e-14, 3.8948175e-14], [-1.2041904e-10, 4.9258527e-10, -1.199286e-10, 5.5793582e-14, -1.869657e-14, -7.2838662e-14], [-1.2029706e-10, -1.199286e-10, 4.9267288e-10, 4.646714e-15, 7.816611e-14, -2.256345e-14], [-2.1570818e-14, 5.5793582e-14, 4.646714e-15, 1.5735854e-09, 1.3543739e-14, 3.9907406e-14], [-8.1103993e-14, -1.869657e-14, 7.816611e-14, 1.3543739e-14, 1.5755689e-09, 3.0246549e-14], [3.8948175e-14, -7.2838662e-14, -2.256345e-14, 3.9907406e-14, 3.0246549e-14, 1.5703817e-09]], 'strength_measure': 0, 'char_len': 0, 'specific_heat': 0, 'failure_criterion': 0, 'd_thetatheta': 0, 'f_eff': 0}}\n",
      "   radius            e1            e2            e3      nu12      nu13  \\\n",
      "0     0.1  1.009709e+09  1.009671e+09  1.009641e+09  0.299453  0.299502   \n",
      "1     0.2  1.077015e+09  1.077042e+09  1.076356e+09  0.295899  0.296179   \n",
      "2     0.3  1.302947e+09  1.302885e+09  1.300678e+09  0.283093  0.283880   \n",
      "3     0.4  2.028352e+09  2.030105e+09  2.029744e+09  0.244252  0.244005   \n",
      "\n",
      "       nu23          g12          g13          g23  \n",
      "0  0.299413  388484770.0  388487710.0  388495410.0  \n",
      "1  0.295938  412902680.0  412899460.0  412855690.0  \n",
      "2  0.283792  479467920.0  478797360.0  478982440.0  \n",
      "3  0.243468  636787870.0  634691360.0  635491400.0  \n"
     ]
    }
   ],
   "source": [
    "for _ in out:\n",
    "    print(_)\n",
    "\n",
    "eng_const_names = [\n",
    "    'e1', 'e2', 'e3', 'nu12', 'nu13', 'nu23', 'g12', 'g13', 'g23'\n",
    "    ]\n",
    "eng_const_labels = [\n",
    "    '$E_1$', '$E_2$', '$E_3$',\n",
    "    '$\\\\nu_{12}$', '$\\\\nu_{13}$', '$\\\\nu_{23}$',\n",
    "    '$G_{12}$', '$G_{13}$', '$G_{23}$'\n",
    "    ]\n",
    "props = []\n",
    "\n",
    "for _ in out:\n",
    "    prop = {'radius': _['radius']}\n",
    "    for i, name in enumerate(eng_const_names):\n",
    "        prop[name] = _['property'][name]\n",
    "    props.append(prop)\n",
    "\n",
    "df = pd.DataFrame(props)\n",
    "print(df)"
   ]
  },
  {
   "cell_type": "code",
   "execution_count": 31,
   "id": "88f55b74",
   "metadata": {},
   "outputs": [
    {
     "data": {
      "application/vnd.plotly.v1+json": {
       "config": {
        "plotlyServerURL": "https://plot.ly"
       },
       "data": [
        {
         "mode": "lines+markers",
         "name": "$E_1$",
         "showlegend": false,
         "type": "scatter",
         "x": {
          "bdata": "mpmZmZmZuT+amZmZmZnJPzQzMzMzM9M/mpmZmZmZ2T8=",
          "dtype": "f8"
         },
         "xaxis": "x",
         "y": {
          "bdata": "AAAAHHcXzkEAAAB2fAzQQQAAAGBZatNBAAAAsow53kE=",
          "dtype": "f8"
         },
         "yaxis": "y"
        },
        {
         "mode": "lines+markers",
         "name": "$E_2$",
         "showlegend": false,
         "type": "scatter",
         "x": {
          "bdata": "mpmZmZmZuT+amZmZmZnJPzQzMzMzM9M/mpmZmZmZ2T8=",
          "dtype": "f8"
         },
         "xaxis": "x2",
         "y": {
          "bdata": "AAAA3i0XzkEAAADUlgzQQQAAAFccatNBAAAAzjxA3kE=",
          "dtype": "f8"
         },
         "yaxis": "y2"
        },
        {
         "mode": "lines+markers",
         "name": "$E_3$",
         "showlegend": false,
         "type": "scatter",
         "x": {
          "bdata": "mpmZmZmZuT+amZmZmZnJPzQzMzMzM9M/mpmZmZmZ2T8=",
          "dtype": "f8"
         },
         "xaxis": "x3",
         "y": {
          "bdata": "AAAA4vIWzkEAAADo+AnQQQAAAN+wYdNBAAAAK9w+3kE=",
          "dtype": "f8"
         },
         "yaxis": "y3"
        },
        {
         "mode": "lines+markers",
         "name": "$\\nu_{12}$",
         "showlegend": false,
         "type": "scatter",
         "x": {
          "bdata": "mpmZmZmZuT+amZmZmZnJPzQzMzMzM9M/mpmZmZmZ2T8=",
          "dtype": "f8"
         },
         "xaxis": "x4",
         "y": {
          "bdata": "Gw5LAz8q0z/DvfBSA/DSP9XMexgxHtI/5ZvpNahDzz8=",
          "dtype": "f8"
         },
         "yaxis": "y4"
        },
        {
         "mode": "lines+markers",
         "name": "$\\nu_{13}$",
         "showlegend": false,
         "type": "scatter",
         "x": {
          "bdata": "mpmZmZmZuT+amZmZmZnJPzQzMzMzM9M/mpmZmZmZ2T8=",
          "dtype": "f8"
         },
         "xaxis": "x5",
         "y": {
          "bdata": "BuSe8Aor0z/+8NLRmvTSP4MiaXkWK9I/I5QInow7zz8=",
          "dtype": "f8"
         },
         "yaxis": "y5"
        },
        {
         "mode": "lines+markers",
         "name": "$\\nu_{23}$",
         "showlegend": false,
         "type": "scatter",
         "x": {
          "bdata": "mpmZmZmZuT+amZmZmZnJPzQzMzMzM9M/mpmZmZmZ2T8=",
          "dtype": "f8"
         },
         "xaxis": "x6",
         "y": {
          "bdata": "NiyZpZUp0z97Ny+xpvDSP4ECMQGmKdI/m2EXA/Mpzz8=",
          "dtype": "f8"
         },
         "yaxis": "y6"
        },
        {
         "mode": "lines+markers",
         "name": "$G_{12}$",
         "showlegend": false,
         "type": "scatter",
         "x": {
          "bdata": "mpmZmZmZuT+amZmZmZnJPzQzMzMzM9M/mpmZmZmZ2T8=",
          "dtype": "f8"
         },
         "xaxis": "x7",
         "y": {
          "bdata": "AAAAos4nt0EAAAAYZZy4QQAAAJAZlLxBAAAAT076wkE=",
          "dtype": "f8"
         },
         "yaxis": "y7"
        },
        {
         "mode": "lines+markers",
         "name": "$G_{13}$",
         "showlegend": false,
         "type": "scatter",
         "x": {
          "bdata": "mpmZmZmZuT+amZmZmZnJPzQzMzMzM9M/mpmZmZmZ2T8=",
          "dtype": "f8"
         },
         "xaxis": "x8",
         "y": {
          "bdata": "AAAAHtont0EAAACEWJy4QQAAADDeibxBAAAAkE/qwkE=",
          "dtype": "f8"
         },
         "yaxis": "y8"
        },
        {
         "mode": "lines+markers",
         "name": "$G_{23}$",
         "showlegend": false,
         "type": "scatter",
         "x": {
          "bdata": "mpmZmZmZuT+amZmZmZnJPzQzMzMzM9M/mpmZmZmZ2T8=",
          "dtype": "f8"
         },
         "xaxis": "x9",
         "y": {
          "bdata": "AAAAMvgnt0EAAACKrZu4QQAAACixjLxBAAAAJGrwwkE=",
          "dtype": "f8"
         },
         "yaxis": "y9"
        }
       ],
       "layout": {
        "annotations": [
         {
          "font": {
           "size": 16
          },
          "showarrow": false,
          "text": "$E_1$",
          "x": 0.15,
          "xanchor": "center",
          "xref": "paper",
          "y": 1,
          "yanchor": "bottom",
          "yref": "paper"
         },
         {
          "font": {
           "size": 16
          },
          "showarrow": false,
          "text": "$E_2$",
          "x": 0.49999999999999994,
          "xanchor": "center",
          "xref": "paper",
          "y": 1,
          "yanchor": "bottom",
          "yref": "paper"
         },
         {
          "font": {
           "size": 16
          },
          "showarrow": false,
          "text": "$E_3$",
          "x": 0.85,
          "xanchor": "center",
          "xref": "paper",
          "y": 1,
          "yanchor": "bottom",
          "yref": "paper"
         },
         {
          "font": {
           "size": 16
          },
          "showarrow": false,
          "text": "$\\nu_{12}$",
          "x": 0.15,
          "xanchor": "center",
          "xref": "paper",
          "y": 0.6333333333333333,
          "yanchor": "bottom",
          "yref": "paper"
         },
         {
          "font": {
           "size": 16
          },
          "showarrow": false,
          "text": "$\\nu_{13}$",
          "x": 0.49999999999999994,
          "xanchor": "center",
          "xref": "paper",
          "y": 0.6333333333333333,
          "yanchor": "bottom",
          "yref": "paper"
         },
         {
          "font": {
           "size": 16
          },
          "showarrow": false,
          "text": "$\\nu_{23}$",
          "x": 0.85,
          "xanchor": "center",
          "xref": "paper",
          "y": 0.6333333333333333,
          "yanchor": "bottom",
          "yref": "paper"
         },
         {
          "font": {
           "size": 16
          },
          "showarrow": false,
          "text": "$G_{12}$",
          "x": 0.15,
          "xanchor": "center",
          "xref": "paper",
          "y": 0.26666666666666666,
          "yanchor": "bottom",
          "yref": "paper"
         },
         {
          "font": {
           "size": 16
          },
          "showarrow": false,
          "text": "$G_{13}$",
          "x": 0.49999999999999994,
          "xanchor": "center",
          "xref": "paper",
          "y": 0.26666666666666666,
          "yanchor": "bottom",
          "yref": "paper"
         },
         {
          "font": {
           "size": 16
          },
          "showarrow": false,
          "text": "$G_{23}$",
          "x": 0.85,
          "xanchor": "center",
          "xref": "paper",
          "y": 0.26666666666666666,
          "yanchor": "bottom",
          "yref": "paper"
         }
        ],
        "height": 600,
        "template": {
         "data": {
          "bar": [
           {
            "error_x": {
             "color": "#2a3f5f"
            },
            "error_y": {
             "color": "#2a3f5f"
            },
            "marker": {
             "line": {
              "color": "#E5ECF6",
              "width": 0.5
             },
             "pattern": {
              "fillmode": "overlay",
              "size": 10,
              "solidity": 0.2
             }
            },
            "type": "bar"
           }
          ],
          "barpolar": [
           {
            "marker": {
             "line": {
              "color": "#E5ECF6",
              "width": 0.5
             },
             "pattern": {
              "fillmode": "overlay",
              "size": 10,
              "solidity": 0.2
             }
            },
            "type": "barpolar"
           }
          ],
          "carpet": [
           {
            "aaxis": {
             "endlinecolor": "#2a3f5f",
             "gridcolor": "white",
             "linecolor": "white",
             "minorgridcolor": "white",
             "startlinecolor": "#2a3f5f"
            },
            "baxis": {
             "endlinecolor": "#2a3f5f",
             "gridcolor": "white",
             "linecolor": "white",
             "minorgridcolor": "white",
             "startlinecolor": "#2a3f5f"
            },
            "type": "carpet"
           }
          ],
          "choropleth": [
           {
            "colorbar": {
             "outlinewidth": 0,
             "ticks": ""
            },
            "type": "choropleth"
           }
          ],
          "contour": [
           {
            "colorbar": {
             "outlinewidth": 0,
             "ticks": ""
            },
            "colorscale": [
             [
              0,
              "#0d0887"
             ],
             [
              0.1111111111111111,
              "#46039f"
             ],
             [
              0.2222222222222222,
              "#7201a8"
             ],
             [
              0.3333333333333333,
              "#9c179e"
             ],
             [
              0.4444444444444444,
              "#bd3786"
             ],
             [
              0.5555555555555556,
              "#d8576b"
             ],
             [
              0.6666666666666666,
              "#ed7953"
             ],
             [
              0.7777777777777778,
              "#fb9f3a"
             ],
             [
              0.8888888888888888,
              "#fdca26"
             ],
             [
              1,
              "#f0f921"
             ]
            ],
            "type": "contour"
           }
          ],
          "contourcarpet": [
           {
            "colorbar": {
             "outlinewidth": 0,
             "ticks": ""
            },
            "type": "contourcarpet"
           }
          ],
          "heatmap": [
           {
            "colorbar": {
             "outlinewidth": 0,
             "ticks": ""
            },
            "colorscale": [
             [
              0,
              "#0d0887"
             ],
             [
              0.1111111111111111,
              "#46039f"
             ],
             [
              0.2222222222222222,
              "#7201a8"
             ],
             [
              0.3333333333333333,
              "#9c179e"
             ],
             [
              0.4444444444444444,
              "#bd3786"
             ],
             [
              0.5555555555555556,
              "#d8576b"
             ],
             [
              0.6666666666666666,
              "#ed7953"
             ],
             [
              0.7777777777777778,
              "#fb9f3a"
             ],
             [
              0.8888888888888888,
              "#fdca26"
             ],
             [
              1,
              "#f0f921"
             ]
            ],
            "type": "heatmap"
           }
          ],
          "histogram": [
           {
            "marker": {
             "pattern": {
              "fillmode": "overlay",
              "size": 10,
              "solidity": 0.2
             }
            },
            "type": "histogram"
           }
          ],
          "histogram2d": [
           {
            "colorbar": {
             "outlinewidth": 0,
             "ticks": ""
            },
            "colorscale": [
             [
              0,
              "#0d0887"
             ],
             [
              0.1111111111111111,
              "#46039f"
             ],
             [
              0.2222222222222222,
              "#7201a8"
             ],
             [
              0.3333333333333333,
              "#9c179e"
             ],
             [
              0.4444444444444444,
              "#bd3786"
             ],
             [
