 The Effective Stiffness Matrix
 --------------------------------------------
       1.9684065E+009      7.0614202E+008      7.0633679E+008      1.5825508E+005      5.5147883E+005      5.7056291E+004
       7.0614202E+008      1.9647950E+009      7.0505832E+008     -2.4417268E+005     -3.6805963E+005     -1.8280124E+004
       7.0633679E+008      7.0505832E+008      1.9660322E+009     -1.6973372E+005     -4.5840871E+005     -1.2360111E+005
       1.5825508E+005     -2.4417268E+005     -1.6973372E+005      5.4884783E+008      3.9502492E+004     -9.9062350E+004
       5.5147883E+005     -3.6805963E+005     -4.5840871E+005      3.9502492E+004      5.4863318E+008      1.0637029E+005
       5.7056291E+004     -1.8280124E+004     -1.2360111E+005     -9.9062350E+004      1.0637029E+005      5.4838262E+008

 The Effective Compliance Matrix
 --------------------------------------------
       6.2701519E-010     -1.6585502E-010     -1.6578920E-010     -3.0580709E-013     -8.8001565E-013     -1.0801843E-013
      -1.6585502E-010      6.2800142E-010     -1.6562692E-010      2.7595633E-013      4.4961132E-013      8.2215412E-016
      -1.6578920E-010     -1.6562692E-010      6.2759906E-010      1.6819306E-013      5.7988216E-013      1.5310215E-013
      -3.0580709E-013      2.7595633E-013      1.6819306E-013      1.8219990E-009     -1.3061770E-013      3.2923850E-013
      -8.8001565E-013      4.4961132E-013      5.7988216E-013     -1.3061770E-013      1.8227132E-009     -3.5333973E-013
      -1.0801843E-013      8.2215412E-016      1.5310215E-013      3.2923850E-013     -3.5333973E-013      1.8235445E-009

 The Engineering Constants (Approximated as Orthotropic)
 ----------------------------------------------------------
  E1  =       1.5948577E+009                                                                                                                                                                                                                                           
  E2  =       1.5923531E+009                                                                                                                                                                                                                                           
  E3  =       1.5933740E+009                                                                                                                                                                                                                                           
  G12 =       5.4838257E+008                                                                                                                                                                                                                                           
  G13 =       5.4863265E+008                                                                                                                                                                                                                                           
  G23 =       5.4884773E+008                                                                                                                                                                                                                                           
  nu12=       2.6451515E-001                                                                                                                                                                                                                                           
  nu13=       2.6441018E-001                                                                                                                                                                                                                                           
  nu23=       2.6373655E-001                                                                                                                                                                                                                                           


 Effective Density =       1.2627641E+003                                                                                                                                                                                                                                           
